2667
732
1274
2719
1748
4377
2346
4589
2520
1788
4548
3959
1750
1861
4326
3014
4063
3496
1865
3554
1007
97
2404
3491
2086
3692
1073
3891
896
2449
4574
1544
1213
1804
1866
2229
2805
3355
1049
3440
4700
3904
4230
2710
590
846
2596
1779
4007
4897
3858
2318
2497
150
4713
4256
2395
825
1611
829
4843
1406
497
4275
1168
1135
1312
2343
3454
3747
1738
3552
2182
1056
4989
2907
4289
472
4826
3789
4122
3062
52
3983
941
1028
4386
4331
3680
1709
3099
4062
852
3469
509
1758
840
3608
842
2794
1266
408
4768
3096
2850
1184
4979
4673
1494
1637
1354
2553
1284
4133
1450
4707
367
2727
531
4353
2904
3506
3965
3153
2520
834
910
3524
2960
3908
1875
4464
1286
2163
144
93
4652
2867
3726
2892
4134
4347
3392
4714
2056
3416
82
4005
1962
4980
1807
3830
1489
429
557
2004
4747
169
2839
1321
4686
183
2967
318
2557
4850
742
1778
3112
4295
673
823
3047
3949
1497
4845
3924
1228
208
960
1530
4813
187
1349
4453
1794
3944
4058
3103
423
1213
4299
1804
1165
3506
864
11
2224
4701
1643
1274
3438
2232
64
133
23
1993
942
2050
1748
3950
3458
1460
1681
3186
4850
1553
3292
2601
711
938
3527
2804
4043
1272
1682
1265
3146
685
4817
722
566
1070
2357
4024
1914
515
1246
3300
1352
2447
1462
2233
1982
1987
1849
1802
418
3458
3152
3500
559
1704
4413
1207
4264
2828
145
3054
4401
4071
4377
4160
4252
1583
4192
2275
2665
2597
69
4397
775
4856
740
550
4807
4267
4827
2045
1545
3026
2459
2197
4958
2132
4870
4731
2619
1645
4431
1127
4111
187
4493
4805
2484
627
3338
3527
1777
4064
1616
1305
2032
3383
1363
568
3043
1265
1754
3127
1098
2982
3062
3208
4959
3338
765
2396
4363
4775
272
3087
2617
2455
984
451
616
2676
4536
4719
734
1591
636
4347
1623
3617
3815
1035
4893
4761
1770
4933
3226
170
3304
4385
3208
2367
2166
1093
3258
4318
2504
250
4067
1399
4167
270
3284
4712
398
4543
1140
686
2132
4376
519
3442
4420
1819
4233
4509
887
2803
1204
1073
1324
1045
4916
2070
2365
1267
3364
1814
4771
4108
386
4910
604
2627
4021
4361
1776
2755
383
594
52
2892
2805
734
1181
4132
299
1763
1822
2957
3332
4865
2125
3278
559
1556
3447
2937
3918
2059
4788
3945
528
2176
4437
4574
310
412
4682
1695
59
4734
4248
4362
2380
2592
1759
2411
3983
2775
3754
1454
1664
3253
4400
3426
1838
660
3335
1061
3852
313
4008
3502
755
4986
1717
259
4020
2517
3415
2119
740
2559
4549
1087
1033
2270
3798
1562
521
2884
1287
3923
1481
432
289
1732
3411
4706
3161
3121
3873
3
139
550
2077
3639
2689
605
515
4616
652
2184
3966
3424
1342
2023
2407
3579
94
3983
397
3830
4026
584
2670
4968
4899
4456
1955
587
2466
1873
889
1935
1232
516
356
3476
2356
961
846
2961
373
741
4637
398
439
2797
1803
2994
2595
3829
1919
3946
2774
2984
4664
4479
523
579
1938
2466
125
4506
121
1159
3165
3558
4234
1828
474
1906
1682
2452
3006
953
2517
2436
2284
1575
3760
3296
4224
1464
3899
3331
943
3736
4926
1314
3854
2847
2364
3116
4054
1952
1189
2776
36
2439
3837
2883
239
3846
3850
1629
4635
4298
4139
2974
4906
574
3587
4498
4666
1516
2709
2446
2458
667
4362
2381
3301
2826
1589
692
2049
431
2016
4455
1610
3860
3527
2566
456
2054
378
4215
3423
292
2873
1353
3100
737
3967
4954
3565
2053
3089
150
1753
2214
4384
4556
263
2991
4866
2495
3699
2330
4006
990
2731
2351
2038
384
1935
3345
4503
4728
639
4177
4404
2008
415
1634
3753
1525
261
4664
627
3807
274
3989
4973
1955
1839
4713
85
111
3967
4726
2205
1122
722
46
4645
4941
83
4409
4061
1986
3767
62
2664
2439
1421
4397
2653
4919
4717
1063
1511
3022
1825
3475
3964
3782
1552
3703
3827
603
425
3182
4022
3151
173
1179
3247
1826
3469
1371
3959
2634
1642
2016
1578
1243
2324
3264
4990
564
2154
72
3265
1662
2248
1718
2754
3633
2063
2682
736
3660
4990
1304
4840
3753
294
3820
1738
699
891
3314
34
1621
2902
2778
2804
2088
3615
949
2064
1296
3464
430
2094
2699
2429
2319
1059
1544
3992
2471
3609
216
2953
4749
820
3299
1018
3628
3201
163
1304
667
4225
925
3341
432
1995
2881
1067
3864
2640
1646
4867
4261
4448
2690
4267
549
3370
2086
1734
307
3568
675
4094
2764
3881
3971
1668
2136
232
3190
3056
674
3841
655
1180
1470
924
4938
3770
3719
274
708
3631
3674
4388
1775
3623
3402
4188
1689
4983
1968
139
1888
1345
1463
4945
188
1074
706
1274
2624
2888
1907
3902
2447
3407
336
1489
863
1050
4236
1065
2413
4511
303
1391
3317
1235
307
4412
3635
3589
2092
3164
107
2223
43
3944
4665
2550
2128
3061
2238
3283
329
1402
768
969
771
64
4445
1295
2371
3122
52
1848
3938
3131
8
3853
4659
1918
2825
1245
586
569
385
1051
1987
1091
2200
1677
2476
3252
1924
3645
3048
3476
1528
1936
3353
1419
1840
2899
2609
3336
4846
366
845
3717
1373
3617
1535
3424
2808
3987
1286
2020
189
4489
548
2725
427
4891
3316
4715
325
362
2806
4766
2106
670
4720
3936
2066
3076
2386
2352
1992
3237
4830
10
975
4665
3939
1755
2978
4682
365
731
1635
1374
3282
3563
1959
1275
3763
3934
1069
2455
2725
3292
169
4160
3387
4801
4330
533
186
4829
4404
1424
1232
276
1378
2467
226
4541
2108
2879
89
3456
768
1396
2744
1913
256
171
2885
4833
624
703
4225
4587
1619
1121
1022
676
465
611
1116
2084
295
2996
3528
2697
571
2130
1009
3178
3930
2398
704
2153
455
801
4764
66
3890
221
2782
1192
3276
1822
72
671
2722
3663
733
1868
2453
3345
1101
4208
333
4789
296
4443
325
3211
1292
1046
4455
2931
1997
2201
205
3273
2999
4954
2937
54
3891
3127
962
1657
1116
3651
972
2796
269
4804
466
1282
849
1606
4858
4319
4254
2904
4133
2432
1550
4707
3649
330
2172
2155
4317
2838
4192
742
2945
3234
3263
402
368
4770
882
3348
2427
1381
1416
3426
1923
4285
1547
1673
1218
3230
1652
58
2078
3031
2412
3824
3835
2662
3297
1421
3180
1966
1049
1682
1566
4308
1421
213
2321
1168
2901
4413
4948
4974
4724
633
1084
3667
336
4894
4808
1397
96
1423
2172
3772
450
2823
1512
493
280
4986
1141
1268
1358
553
4931
73
307
4916
4106
4948
3722
2066
747
235
2716
133
1001
3330
3451
3120
1178
809
4965
2202
1740
4585
2979
3452
1854
3744
1013
4190
2116
1157
965
608
2638
4229
3036
1652
438
92
3540
2865
1180
3407
3428
1457
2359
3341
4681
4820
3058
3214
4663
2062
3913
2828
4916
4092
3903
3734
581
92
294
1460
1744
2970
1529
1716
4341
2727
4113
1291
4801
2603
4379
3247
1496
4027
1970
1041
4478
4678
1294
3080
3123
3065
2824
3864
3825
1835
216
26
3395
3690
2758
2173
203
372
3218
3330
4992
602
4376
2853
2195
1143
3491
783
4156
1142
1805
8
4102
1385
3936
1082
2483
270
2556
377
1893
4028
2206
2863
211
1027
4913
692
3788
2697
683
962
2443
2817
2790
4950
3614
1126
1282
819
4797
4094
3500
1144
1236
3689
3165
4666
325
1441
2498
2084
693
2051
1811
4890
3737
4747
1474
3422
2397
1566
2793
1641
4912
2337
2240
4291
1688
511
3042
4862
2237
135
2172
2429
3877
1268
1857
1554
2076
781
2397
2692
3813
1037
1988
2223
3457
4598
2021
3454
3018
782
200
4083
1821
1484
4249
4839
4098
3043
1401
261
1338
2861
2464
1329
3396
2907
4328
2095
4731
824
4225
2669
384
2230
2709
2514
1879
1672
1711
4792
1465
1358
4564
4988
3485
4127
94
255
4235
257
3497
4004
2447
2932
668
482
342
1532
782
4428
3585
2533
99
332
2019
345
3761
2238
4592
2005
2083
4536
739
2810
1857
3256
268
4031
3218
29
4933
3299
4111
839
288
2432
2317
4947
2783
1819
3231
4559
1079
2080
4838
4020
1457
4515
4670
4752
1614
1209
14
1611
2991
3085
3587
4354
3015
2934
2329
1807
1605
2093
752
1186
57
4157
2198
1512
2666
595
119
4250
970
1373
3102
17
2455
4231
3991
1628
4447
1704
4187
1156
2151
2595
3990
2735
512
1561
392
4824
2927
2580
4286
4592
2295
3727
788
4982
1612
4017
122
1402
1503
4312
3056
1023
849
4818
3023
3814
1710
854
1062
4111
2864
1753
1773
627
1885
1709
114
757
4558
3580
1814
814
3740
1906
4866
1512
2017
104
1947
1082
113
3149
2719
1187
1859
71
3492
3370
1831
479
1476
1521
102
3147
4310
4057
2905
444
3163
281
3255
4848
4803
3200
2374
4874
493
282
3405
4533
608
3632
2275
1112
680
1943
4104
3611
48
2731
1087
3087
4568
917
68
3164
4619
255
3992
2964
344
4336
4829
700
2171
1050
2496
4707
576
457
163
4491
2803
1534
4587
5
310
106
2973
1049
392
3734
4632
4075
3567
2831
31
832
674
3095
4430
4983
501
2454
3853
773
4441
3872
1822
1329
335
4999
4807
3495
2017
2417
2805
1904
638
405
4757
742
2920
3095
3424
2405
4028
4387
2554
3532
3029
2758
2327
3251
916
4848
4099
1759
4737
3261
2140
1689
4119
3554
463
621
2727
4061
595
1237
3963
6
2974
1429
1172
2778
4002
2794
691
3022
4603
1276
3833
1136
2679
3299
1852
1152
1539
2629
4910
4790
3870
2445
3763
1646
2925
287
1079
3774
955
4608
2297
456
3153
219
4328
3170
105
4078
4497
4579
2803
2731
1458
504
4291
3554
4742
1581
504
3132
389
3463
2297
954
1951
701
1941
516
3870
2351
2799
61
4733
3495
1045
980
448
1557
2692
1254
2401
1534
2769
1294
564
2004
4390
342
1552
1896
1335
2663
3275
1476
2832
4765
2528
2765
3021
4030
4808
2942
2109
977
1746
1192
1300
2795
2648
693
3948
4772
2224
60
2279
1552
1027
1158
4804
3298
3606
927
4427
4987
506
2248
2822
632
1346
1313
3863
537
3664
29
4192
4406
4613
1694
1739
588
2484
3086
4302
3917
3129
991
2986
1614
1355
371
833
3434
3738
957
2657
1163
4463
408
2929
3120
2176
4054
4967
3210
1364
4544
1316
1617
2577
3773
4453
1220
1271
4158
3431
2310
2896
4102
3813
2715
2727
2518
329
2153
355
118
3725
620
3510
3456
861
834
454
3311
1219
3229
2015
3693
2405
95
1482
761
2079
399
2799
1383
2905
2617
418
3034
990
4692
4005
2053
3176
3861
4802
4143
4114
4897
4155
3564
3860
2640
4384
560
3181
4341
468
2846
4992
2210
2989
3687
909
1008
4254
2855
546
1636
1746
969
3422
1845
4119
2202
3275
2633
4173
523
3917
3183
4098
3224
3147
2064
1579
309
1537
2375
3585
800
1399
2111
661
1506
2282
900
4209
3711
1413
4857
3661
3174
2948
3848
1787
1442
516
593
3368
2846
4626
114
823
215
4151
3428
3467
2443
2189
3822
672
623
424
2115
3399
3238
1355
3862
988
3214
4150
3294
2678
4877
4386
3820
307
657
137
73
4061
2260
365
2661
2149
1830
3947
762
3066
3244
3138
3967
3166
2639
4598
2720
3038
440
4148
2347
2556
2927
3970
3973
1450
2914
3709
2371
220
1330
2597
3293
515
2226
3697
100
1794
1529
306
1156
3647
4479
2039
3957
