0
2
2
2
2
4
7
10
13
20
21
23
23
25
25
26
26
27
36
37
40
42
46
46
50
54
55
57
66
69
78
80
80
81
81
86
87
95
99
99
100
100
101
104
104
105
106
107
113
114
115
119
131
134
137
138
138
144
148
151
153
153
156
167
176
178
179
179
180
181
182
186
188
188
191
192
194
199
201
206
210
212
214
216
219
219
222
224
224
226
228
228
243
245
247
249
251
255
261
263
265
265
266
271
273
275
276
282
284
285
288
289
290
294
296
299
300
301
309
310
312
312
313
319
319
320
321
323
326
326
327
332
333
335
336
337
337
338
342
345
348
351
352
352
356
357
358
358
360
361
364
369
370
375
376
376
379
383
383
384
386
390
391
392
397
397
399
401
403
410
416
422
424
428
430
433
437
439
440
440
443
444
445
446
448
449
457
458
458
471
474
475
478
482
485
485
488
490
492
497
