0
0
1
7
8
12
13
13
14
15
18
23
25
29
29
30
32
34
39
45
49
52
56
57
59
62
62
64
65
66
66
68
70
71
76
80
81
84
85
89
89
90
91
99
105
109
109
110
111
112
114
114
114
115
118
120
123
127
128
128
130
130
132
136
138
138
141
143
145
145
146
146
146
150
150
152
153
155
157
158
162
162
179
180
190
190
193
195
201
204
205
205
209
213
230
230
231
233
237
242
243
243
244
244
245
248
259
260
260
267
267
268
270
271
273
275
275
280
284
284
288
289
292
293
296
298
307
313
316
328
329
330
331
336
339
339
341
342
348
348
353
353
353
353
354
359
360
367
368
371
372
376
382
388
390
392
394
396
398
398
400
400
403
404
409
410
411
415
421
424
424
429
430
436
439
440
440
440
440
441
443
450
453
456
459
462
464
467
469
478
482
484
485
487
489
492
494
495
495
496
