2
2
3
6
8
8
9
9
15
15
23
27
27
30
30
34
39
40
43
43
48
48
52
54
54
56
59
62
63
66
69
70
72
72
75
76
78
80
82
92
92
95
97
97
97
98
103
105
111
112
113
116
123
124
126
128
128
131
136
136
139
142
149
157
159
162
163
166
167
170
173
174
175
180
183
183
186
191
191
195
197
198
200
201
204
206
206
211
214
214
217
219
226
227
228
233
235
239
247
250
254
255
260
263
264
266
270
273
274
275
275
278
283
293
295
301
301
308
312
313
313
313
314
314
319
324
326
327
328
330
331
332
334
335
335
339
346
347
348
349
352
354
362
363
364
365
366
367
370
373
380
381
383
384
386
387
388
391
392
392
393
394
394
396
398
399
400
401
403
411
415
416
417
419
419
419
421
425
428
433
435
435
436
442
442
443
445
448
450
451
451
454
454
458
459
461
468
469
472
475
476
476
477
479
481
481
485
487
488
490
492
492
493
496
497
502
502
505
509
515
517
518
519
519
524
525
526
529
533
534
534
535
537
538
542
546
549
549
561
570
575
580
584
585
594
595
597
598
598
600
600
601
611
614
616
617
621
622
623
625
625
632
637
638
642
642
645
647
651
652
653
654
660
660
661
661
662
663
664
671
676
679
682
685
687
692
693
696
704
706
706
711
712
720
721
722
722
723
724
724
725
728
738
740
745
748
751
754
755
758
761
761
761
762
763
764
767
772
773
775
781
790
790
791
792
793
794
799
802
803
804
806
808
808
809
810
813
815
817
821
822
824
825
828
829
831
831
832
832
841
842
846
846
849
850
851
856
857
857
865
866
867
871
871
874
875
875
883
889
894
894
896
896
896
899
901
901
902
904
908
908
910
913
915
919
925
926
926
930
931
931
932
934
938
940
941
943
943
945
945
945
946
949
949
955
957
959
963
968
968
973
975
975
976
978
984
988
989
991
993
993
995
999
1001
1001
1005
1007
1009
1009
1011
1012
1013
1014
1016
1017
1019
1023
1026
1027
1028
1028
1032
1033
1034
1036
1040
1041
1045
1049
1050
1051
1056
1056
1058
1069
1074
1081
1083
1083
1084
1086
1090
1093
1096
1098
1104
1105
1106
1108
1108
1109
1112
1115
1115
1116
1118
1122
1123
1123
1128
1130
1139
1140
1148
1149
1154
1154
1156
1157
1158
1160
1167
1168
1171
1175
1176
1177
1181
1182
1190
1192
1193
1194
1194
1199
1199
1213
1214
1222
1224
1226
1229
1231
1231
1232
1235
1241
1241
1246
1246
1248
1255
1258
1260
1261
1262
1262
1266
1267
1271
1278
1278
1281
1284
1285
1287
1287
1288
1292
1296
1298
1298
1299
1300
1303
1304
1306
1310
1314
1315
1317
1318
1324
1332
1332
1333
1333
1338
1340
1344
1344
1345
1347
1352
1353
1355
1360
1362
1362
1364
1364
1366
1366
1367
1369
1370
1371
1372
1373
1376
1384
1385
1393
1400
1400
1402
1402
1407
1408
1412
1418
1419
1421
1423
1423
1424
1428
1428
1431
1432
1437
1440
1444
1445
1450
1451
1453
1454
1458
1460
1461
1464
1467
1469
1476
1478
1484
1485
1494
1494
1497
1513
1518
1518
1520
1530
1533
1538
1538
1540
1540
1542
1544
1546
1547
1548
1549
1551
1555
1558
1561
1562
1565
1565
1567
1571
1576
1577
1579
1579
1582
1582
1582
1582
1583
1587
1594
1596
1600
1600
1601
1611
1612
1615
1616
1616
1620
1621
1621
1621
1623
1623
1623
1625
1627
1627
1628
1632
1635
1640
1640
1641
1646
1650
1667
1671
1673
1677
1680
1687
1690
1690
1693
1694
1701
1705
1706
1710
1712
1712
1715
1716
1717
1718
1721
1721
1722
1723
1724
1729
1730
1734
1736
1737
1739
1740
1741
1744
1744
1746
1748
1749
1752
1753
1753
1755
1756
1758
1759
1761
1767
1776
1780
1781
1782
1786
1787
1787
1789
1789
1793
1794
1796
1796
1803
1810
1811
1814
1816
1818
1819
1820
1826
1829
1830
1831
1839
1844
1845
1846
1853
1854
1854
1859
1860
1860
1861
1872
1877
1877
1878
1879
1881
1884
1885
1886
1887
1890
1895
1901
1902
1912
1913
1914
1914
1922
1923
1923
1926
1927
1929
1932
1933
1936
1940
1941
1943
1946
1951
1951
1954
1955
1956
1958
1958
1959
1960
1961
1964
1966
1969
1972
1972
1973
1973
1975
1980
1987
1988
1989
1992
1993
1993
1995
1997
2006
2008
2009
2014
2020
2022
2022
2024
2026
2027
2029
2031
2032
2032
2037
2039
2040
2044
2046
2046
2053
2057
2063
2065
2071
2071
2073
2073
2073
2076
2077
2085
2086
2087
2090
2090
2094
2096
2098
2108
2109
2109
2111
2113
2115
2115
2117
2119
2120
2124
2125
2125
2126
2127
2130
2132
2141
2146
2150
2157
2157
2158
2162
2163
2166
2170
2172
2173
2174
2179
2181
2182
2183
2192
2193
2194
2197
2198
2199
2204
2205
2205
2206
2210
2213
2223
2225
2226
2226
2236
2239
2242
2242
2243
2250
2251
2252
2259
2260
2262
2263
2264
2265
2270
2270
2275
2279
2280
2281
2283
2284
2288
2290
2293
2295
2296
2302
2305
2311
2312
2314
2324
2325
2326
2327
2328
2329
2329
2331
2331
2336
2336
2339
2343
2355
2356
2356
2357
2359
2362
2363
2364
2370
2373
2375
2380
2381
2382
2384
2386
2387
2389
2392
2395
2395
2400
2403
2407
2410
2419
2419
2426
2427
2428
2432
2434
2437
2440
2444
2446
2450
2451
2455
2456
2458
2459
2461
2462
2464
2464
2466
2469
2471
2472
2477
2477
2482
2484
2485
2489
2502
2503
2504
2507
2508
2508
2511
2516
2521
2526
2527
2527
2536
2544
2547
2549
2552
2553
2555
2563
2563
2564
2565
2566
2566
2568
2568
2569
2569
2570
2571
2572
2578
2580
2589
2591
2592
2593
2594
2594
2596
2597
2598
2600
2601
2602
2605
2610
2610
2611
2611
2613
2616
2619
2620
2623
2625
2625
2636
2637
2643
2644
2644
2647
2647
2648
2651
2652
2654
2655
2660
2662
2665
2671
2674
2678
2682
2682
2684
2689
2695
2696
2701
2703
2703
2704
2709
2711
2715
2716
2716
2717
2720
2721
2723
2726
2732
2735
2742
2744
2744
2744
2751
2754
2755
2759
2762
2762
2767
2767
2767
2768
2775
2782
2782
2785
2786
2791
2792
2795
2797
2797
2799
2804
2806
2808
2809
2811
2818
2819
2819
2820
2821
2825
2828
2829
2830
2832
2834
2848
2850
2852
2858
2862
2862
2863
2864
2869
2872
2874
2876
2876
2884
2885
2888
2889
2890
2892
2896
2899
2900
2902
2905
2906
2909
2910
2913
2915
2923
2924
2925
2928
2928
2933
2933
2936
2937
2937
2939
2946
2946
2947
2948
2950
2951
2952
2957
2957
2970
2970
2970
2971
2973
2975
2975
2986
2986
2987
2995
2998
3001
3004
3006
3008
3008
3012
3014
3029
3029
3030
3033
3038
3040
3044
3045
3048
3054
3056
3057
3057
3059
3070
3074
3074
3080
3081
3087
3088
3088
3092
3096
3098
3099
3099
3107
3108
3110
3111
3112
3121
3121
3124
3127
3135
3136
3137
3140
3143
3149
3152
3154
3162
3162
3171
3173
3174
3175
3176
3178
3178
3180
3181
3185
3190
3191
3192
3192
3194
3196
3199
3200
3204
3207
3207
3210
3210
3210
3212
3216
3221
3224
3224
3225
3228
3233
3234
3235
3235
3236
3237
3240
3245
3247
3251
3252
3253
3254
3254
3255
3261
3263
3266
3267
3271
3272
3274
3277
3281
3289
3292
3295
3298
3300
3305
3307
3307
3314
3316
3317
3317
3318
3323
3331
3335
3335
3336
3337
3341
3345
3346
3347
3350
3351
3356
3357
3359
3362
3368
3371
3372
3381
3384
3385
3386
3388
3393
3400
3401
3407
3408
3408
3412
3414
3414
3415
3418
3419
3419
3423
3424
3427
3428
3428
3431
3432
3433
3433
3434
3436
3438
3443
3446
3452
3455
3456
3459
3462
3467
3467
3473
3474
3475
3476
3476
3478
3481
3485
3486
3489
3490
3491
3494
3496
3498
3504
3505
3509
3510
3512
3513
3513
3520
3521
3528
3529
3529
3533
3536
3536
3538
3540
3541
3543
3544
3544
3545
3545
3548
3556
3556
3556
3561
3567
3568
3569
3571
3576
3577
3580
3582
3583
3586
3586
3589
3591
3592
3594
3596
3600
3602
3606
3608
3610
3611
3612
3612
3614
3616
3620
3622
3622
3624
3631
3633
3635
3636
3637
3643
3645
3649
3652
3652
3652
3652
3653
3654
3654
3654
3656
3656
3659
3660
3666
3668
3668
3669
3670
3670
3673
3679
3682
3683
3685
3692
3694
3696
3696
3698
3701
3706
3708
3709
3710
3712
3712
3715
3717
3718
3718
3720
3721
3722
3730
3730
3731
3732
3734
3735
3735
3741
3742
3743
3744
3747
3747
3750
3753
3754
3769
3769
3771
3772
3776
3779
3787
3789
3790
3791
3799
3802
3805
3806
3810
3825
3828
3829
3830
3831
3833
3835
3837
3838
3839
3839
3844
3845
3845
3851
3855
3858
3862
3863
3863
3865
3867
3869
3871
3871
3886
3886
3886
3888
3889
3891
3892
3896
3901
3919
3919
3919
3923
3923
3925
3926
3928
3929
3930
3935
3936
3938
3939
3943
3948
3949
3957
3964
3970
3971
3978
3978
3981
3981
3982
3983
3986
3988
3989
3992
3998
3998
3999
4004
4004
4009
4010
4010
4018
4020
4029
4033
4035
4040
4041
4042
4044
4048
4049
4052
4052
4057
4060
4060
4063
4065
4066
4069
4069
4072
4074
4075
4078
4080
4088
4088
4088
4092
4092
4094
4094
4100
4101
4102
4103
4105
4106
4112
4115
4117
4123
4127
4130
4132
4133
4133
4135
4139
4139
4146
4146
4152
4153
4154
4158
4159
4160
4162
4163
4163
4166
4169
4172
4172
4174
4175
4176
4187
4190
4194
4194
4196
4199
4199
4199
4208
4210
4213
4217
4219
4221
4223
4223
4224
4224
4229
4231
4234
4238
4252
4252
4253
4253
4254
4255
4256
4263
4267
4272
4277
4278
4278
4279
4280
4281
4282
4284
4284
4286
4289
4292
4299
4300
4300
4301
4302
4304
4306
4307
4309
4321
4322
4325
4328
4331
4331
4334
4335
4338
4339
4340
4357
4359
4365
4368
4369
4370
4374
4377
4382
4383
4384
4386
4391
4393
4397
4398
4401
4401
4405
4408
4414
4419
4429
4430
4431
4434
4435
4441
4442
4442
4442
4452
4453
4453
4456
4458
4463
4468
4472
4475
4477
4479
4481
4483
4485
4485
4486
4487
4487
4488
4492
4498
4505
4516
4517
4519
4522
4523
4525
4533
4534
4539
4539
4541
4544
4544
4547
4556
4565
4568
4569
4570
4573
4574
4574
4576
4577
4580
4592
4593
4595
4596
4597
4597
4603
4610
4614
4615
4616
4617
4618
4619
4619
4620
4623
4630
4633
4634
4638
4646
4646
4647
4649
4649
4649
4652
4652
4656
4659
4659
4661
4662
4663
4671
4672
4673
4676
4679
4684
4684
4684
4686
4689
4690
4692
4693
4693
4696
4696
4697
4697
4698
4698
4701
4706
4715
4720
4721
4724
4725
4730
4732
4735
4739
4743
4747
4749
4751
4752
4753
4759
4762
4762
4765
4766
4766
4770
4771
4771
4776
4779
4787
4787
4793
4795
4797
4797
4798
4799
4800
4803
4804
4812
4818
4820
4820
4820
4828
4829
4830
4831
4831
4834
4835
4837
4838
4839
4840
4842
4842
4843
4853
4854
4856
4858
4858
4859
4859
4861
4863
4864
4868
4868
4869
4873
4876
4876
4878
4881
4883
4886
4892
4895
4896
4903
4910
4914
4916
4919
4923
4923
4925
4929
4934
4935
4936
4937
4939
4940
4941
4957
4971
4974
4976
4977
4977
4981
4986
4986
4988
4989
4992
4994
4994
4997
4998
