3
5
6
8
8
10
11
14
17
23
26
29
29
31
34
36
43
46
48
52
52
52
54
57
58
59
60
61
62
64
64
66
68
69
71
72
72
73
73
82
83
85
89
92
92
93
94
94
95
96
97
99
100
102
104
105
106
107
111
113
114
114
118
119
121
122
125
133
133
135
137
139
139
144
145
150
150
163
163
169
169
170
171
173
183
186
187
187
188
189
200
203
205
208
211
213
215
216
216
219
220
221
226
232
235
239
250
255
255
256
257
259
261
261
263
268
269
270
270
272
274
274
276
280
281
282
287
288
289
292
294
294
295
296
299
303
306
307
307
307
307
309
310
310
313
318
325
325
325
329
329
330
332
333
335
336
336
342
342
344
345
355
356
362
365
365
366
367
368
371
372
373
377
378
383
384
384
385
386
389
392
392
397
398
398
399
402
405
408
408
412
415
418
418
423
424
425
427
429
430
431
432
432
438
439
440
444
448
450
451
454
455
456
456
457
463
465
466
468
472
474
479
482
493
493
497
501
504
504
506
509
511
512
515
515
515
516
516
516
519
521
523
523
528
531
533
537
546
548
549
550
550
553
557
559
559
560
564
564
566
568
569
571
574
576
579
581
584
586
587
588
590
593
594
595
595
602
603
604
605
608
608
611
616
620
621
623
624
627
627
627
632
633
636
638
639
652
655
657
660
661
667
667
668
670
671
672
673
674
674
675
676
680
683
685
686
691
692
692
693
693
699
700
701
703
704
706
708
711
722
722
731
732
733
734
734
736
737
739
740
740
741
742
742
742
747
752
755
757
761
762
765
768
768
771
773
775
781
782
782
783
788
800
801
809
814
819
820
823
823
824
825
829
832
833
834
834
839
840
842
845
846
846
849
849
852
854
861
863
864
882
887
889
891
896
900
909
910
916
917
924
925
927
938
941
942
943
949
953
954
955
957
960
961
962
962
965
969
969
970
972
975
977
980
984
988
990
990
991
1001
1007
1008
1009
1013
1018
1022
1023
1027
1027
1028
1033
1035
1037
1041
1045
1045
1046
1049
1049
1049
1050
1050
1051
1056
1059
1061
1062
1063
1065
1067
1069
1070
1073
1073
1074
1079
1079
1082
1082
1084
1087
1087
1091
1093
1098
1101
1112
1116
1116
1121
1122
1126
1127
1135
1136
1140
1141
1142
1143
1144
1152
1156
1156
1157
1158
1159
1163
1165
1168
1168
1172
1178
1179
1180
1180
1181
1184
1186
1187
1189
1192
1192
1204
1207
1209
1213
1213
1218
1219
1220
1228
1232
1232
1235
1236
1237
1243
1245
1246
1254
1265
1265
1266
1267
1268
1268
1271
1272
1274
1274
1274
1275
1276
1282
1282
1284
1286
1286
1287
1291
1292
1294
1294
1295
1296
1300
1304
1304
1305
1312
1313
1314
1316
1321
1324
1329
1329
1330
1335
1338
1342
1345
1346
1349
1352
1353
1354
1355
1355
1358
1358
1363
1364
1371
1373
1373
1374
1378
1381
1383
1385
1391
1396
1397
1399
1399
1401
1402
1402
1406
1413
1416
1419
1421
1421
1421
1423
1424
1429
1441
1442
1450
1450
1454
1457
1457
1458
1460
1460
1462
1463
1464
1465
1470
1474
1476
1476
1481
1482
1484
1489
1489
1494
1496
1497
1503
1506
1511
1512
1512
1512
1516
1521
1525
1528
1529
1529
1530
1532
1534
1534
1535
1537
1539
1544
1544
1545
1547
1550
1552
1552
1552
1553
1554
1556
1557
1561
1562
1566
1566
1575
1578
1579
1581
1583
1589
1591
1605
1606
1610
1611
1611
1612
1614
1614
1616
1617
1619
1621
1623
1628
1629
1634
1635
1636
1637
1641
1642
1643
1645
1646
1646
1652
1652
1657
1662
1664
1668
1672
1673
1677
1681
1682
1682
1682
1688
1689
1689
1694
1695
1704
1704
1709
1709
1710
1711
1716
1717
1718
1732
1734
1738
1738
1739
1740
1744
1746
1746
1748
1748
1750
1753
1753
1754
1755
1758
1759
1759
1763
1770
1773
1775
1776
1777
1778
1779
1787
1788
1794
1794
1802
1803
1804
1804
1805
1807
1807
1811
1814
1814
1819
1819
1821
1822
1822
1822
1825
1826
1828
1830
1831
1835
1838
1839
1840
1845
1848
1849
1852
1854
1857
1857
1859
1861
1865
1866
1868
1873
1875
1879
1885
1888
1893
1896
1904
1906
1906
1907
1913
1914
1918
1919
1923
1924
1935
1935
1936
1938
1941
1943
1947
1951
1952
1955
1955
1959
1962
1966
1968
1970
1982
1986
1987
1987
1988
1992
1993
1995
1997
2004
2004
2005
2008
2015
2016
2016
2017
2017
2019
2020
2021
2023
2032
2038
2039
2045
2049
2050
2051
2053
2053
2054
2056
2059
2062
2063
2064
2064
2066
2066
2070
2076
2077
2078
2079
2080
2083
2084
2084
2086
2086
2088
2092
2093
2094
2095
2106
2108
2109
2111
2115
2116
2119
2125
2128
2130
2132
2132
2136
2140
2149
2151
2153
2153
2154
2155
2163
2166
2171
2172
2172
2172
2173
2176
2176
2182
2184
2189
2195
2197
2198
2200
2201
2202
2202
2205
2206
2210
2214
2223
2223
2224
2224
2226
2229
2230
2232
2233
2237
2238
2238
2240
2248
2248
2260
2270
2275
2275
2279
2282
2284
2295
2297
2297
2310
2317
2318
2319
2321
2324
2327
2329
2330
2337
2343
2346
2347
2351
2351
2352
2356
2357
2359
2364
2365
2367
2371
2371
2374
2375
2380
2381
2386
2395
2396
2397
2397
2398
2401
2404
2405
2405
2407
2411
2412
2413
2417
2427
2429
2429
2432
2432
2436
2439
2439
2443
2443
2445
2446
2447
2447
2447
2449
2452
2453
2454
2455
2455
2455
2458
2459
2464
2466
2466
2467
2471
2476
2483
2484
2484
2495
2496
2497
2498
2504
2514
2517
2517
2518
2520
2520
2528
2533
2550
2553
2554
2556
2556
2557
2559
2566
2577
2580
2592
2595
2595
2596
2597
2597
2601
2603
2609
2617
2617
2619
2624
2627
2629
2633
2634
2638
2639
2640
2640
2648
2653
2657
2661
2662
2663
2664
2665
2666
2667
2669
2670
2676
2678
2679
2682
2689
2690
2692
2692
2697
2697
2699
2709
2709
2710
2715
2716
2719
2719
2720
2722
2725
2725
2727
2727
2727
2727
2731
2731
2731
2735
2744
2754
2755
2758
2758
2764
2765
2769
2774
2775
2776
2778
2778
2782
2783
2790
2793
2794
2794
2795
2796
2797
2799
2799
2803
2803
2803
2804
2804
2805
2805
2805
2806
2808
2810
2817
2822
2823
2824
2825
2826
2828
2828
2831
2832
2838
2839
2846
2846
2847
2850
2853
2855
2861
2863
2864
2865
2867
2873
2879
2881
2883
2884
2885
2888
2892
2892
2896
2899
2901
2902
2904
2904
2905
2905
2907
2907
2914
2920
2925
2927
2927
2929
2931
2932
2934
2937
2937
2942
2945
2948
2953
2957
2960
2961
2964
2967
2970
2973
2974
2974
2978
2979
2982
2984
2986
2989
2991
2991
2994
2996
2999
3006
3014
3015
3018
3021
3022
3022
3023
3026
3029
3031
3034
3036
3038
3042
3043
3043
3047
3048
3054
3056
3056
3058
3061
3062
3062
3065
3066
3076
3080
3085
3086
3087
3087
3089
3095
3095
3096
3099
3100
3102
3103
3112
3116
3120
3120
3121
3122
3123
3127
3127
3129
3131
3132
3138
3146
3147
3147
3149
3151
3152
3153
3153
3161
3163
3164
3164
3165
3165
3166
3170
3174
3176
3178
3180
3181
3182
3183
3186
3190
3200
3201
3208
3208
3210
3211
3214
3214
3218
3218
3224
3226
3229
3230
3231
3234
3237
3238
3244
3247
3247
3251
3252
3253
3255
3256
3258
3261
3263
3264
3265
3273
3275
3275
3276
3278
3282
3283
3284
3292
3292
3293
3294
3296
3297
3298
3299
3299
3299
3300
3301
3304
3311
3314
3316
3317
3330
3330
3331
3332
3335
3336
3338
3338
3341
3341
3345
3345
3348
3353
3355
3364
3368
3370
3370
3383
3387
3392
3395
3396
3399
3402
3405
3407
3407
3411
3415
3416
3422
3422
3423
3424
3424
3424
3426
3426
3428
3428
3431
3434
3438
3440
3442
3447
3451
3452
3454
3454
3456
3456
3457
3458
3458
3463
3464
3467
3469
3469
3475
3476
3476
3485
3491
3491
3492
3495
3495
3496
3497
3500
3500
3502
3506
3506
3510
3524
3527
3527
3527
3528
3532
3540
3552
3554
3554
3554
3558
3563
3564
3565
3567
3568
3579
3580
3585
3585
3587
3587
3589
3606
3608
3609
3611
3614
3615
3617
3617
3623
3628
3631
3632
3633
3635
3639
3645
3647
3649
3651
3660
3661
3663
3664
3667
3674
3680
3687
3689
3690
3692
3693
3697
3699
3703
3709
3711
3717
3719
3722
3725
3726
3727
3734
3734
3736
3737
3738
3740
3744
3747
3753
3753
3754
3760
3761
3763
3763
3767
3770
3772
3773
3774
3782
3788
3789
3798
3807
3813
3813
3814
3815
3820
3820
3822
3824
3825
3827
3829
3830
3830
3833
3835
3837
3841
3846
3848
3850
3852
3853
3853
3854
3858
3860
3860
3861
3862
3863
3864
3864
3870
3870
3872
3873
3877
3881
3890
3891
3891
3899
3902
3903
3904
3908
3913
3917
3917
3918
3923
3924
3930
3934
3936
3936
3938
3939
3944
3944
3945
3946
3947
3948
3949
3950
3957
3959
3959
3963
3964
3965
3966
3967
3967
3967
3970
3971
3973
3983
3983
3983
3987
3989
3990
3991
3992
3992
4002
4004
4005
4005
4006
4007
4008
4017
4020
4020
4021
4022
4024
4026
4027
4028
4028
4030
4031
4043
4054
4054
4057
4058
4061
4061
4061
4062
4063
4064
4067
4071
4075
4078
4083
4092
4094
4094
4098
4098
4099
4102
4102
4104
4106
4108
4111
4111
4111
4113
4114
4119
4119
4122
4127
4132
4133
4133
4134
4139
4143
4148
4150
4151
4155
4156
4157
4158
4160
4160
4167
4173
4177
4187
4188
4190
4192
4192
4192
4208
4209
4215
4224
4225
4225
4225
4229
4230
4231
4233
4234
4235
4236
4248
4249
4250
4252
4254
4254
4256
4261
4264
4267
4267
4275
4285
4286
4289
4291
4291
4295
4298
4299
4302
4308
4310
4312
4317
4318
4319
4326
4328
4328
4330
4331
4336
4341
4341
4347
4347
4353
4354
4361
4362
4362
4363
4376
4376
4377
4377
4379
4384
4384
4385
4386
4386
4387
4388
4390
4397
4397
4400
4401
4404
4404
4406
4409
4412
4413
4413
4420
4427
4428
4430
4431
4437
4441
4443
4445
4447
4448
4453
4453
4455
4455
4456
4463
4464
4478
4479
4479
4489
4491
4493
4497
4498
4503
4506
4509
4511
4515
4533
4536
4536
4541
4543
4544
4548
4549
4556
4558
4559
4564
4568
4574
4574
4579
4585
4587
4587
4589
4592
4592
4598
4598
4603
4608
4613
4616
4619
4626
4632
4635
4637
4645
4652
4659
4663
4664
4664
4665
4665
4666
4666
4670
4673
4678
4681
4682
4682
4686
4692
4700
4701
4706
4707
4707
4707
4712
4713
4713
4714
4715
4717
4719
4720
4724
4726
4728
4731
4731
4733
4734
4737
4742
4747
4747
4749
4752
4757
4761
4764
4765
4766
4768
4770
4771
4772
4775
4788
4789
4790
4792
4797
4801
4801
4802
4803
4804
4804
4805
4807
4807
4808
4808
4813
4817
4818
4820
4824
4826
4827
4829
4829
4830
4833
4838
4839
4840
4843
4845
4846
4848
4848
4850
4850
4856
4857
4858
4862
4865
4866
4866
4867
4870
4874
4877
4890
4891
4893
4894
4897
4897
4899
4906
4910
4910
4912
4913
4916
4916
4916
4919
4926
4931
4933
4933
4938
4941
4945
4947
4948
4948
4950
4954
4954
4958
4959
4965
4967
4968
4973
4974
4979
4980
4982
4983
4983
4986
4986
4987
4988
4989
4990
4990
4992
4992
4999
