280122
420994
963493
1057029
1443221
1985622
2091307
2148261
2714803
3036061
3152736
3302295
3698149
3787985
4532169
4582338
4644974
4932031
5838384
5904695
6158717
7305122
8128538
8165513
8286006
8462814
8577331
8784756
9021550
9346984
9405109
9718322
9738135
9810703
10605877
10629556
10955540
11233902
11255967
12234498
12305872
12324333
12331191
12655069
13364418
13513044
13589271
13666723
13904750
13933505
14470962
14512863
15589783
15626797
15654666
15821452
16329830
16717381
16856929
17237266
17383084
17432866
17440200
17677573
17854816
18083817
18091168
18108551
18386507
18603211
19153340
19448658
19735918
19806889
19894743
20163399
20372360
20523355
20766202
20941609
20971825
21140686
21330133
21430242
21628221
21656520
21670627
21715741
21746422
22145926
22213000
22230829
22253188
22461955
22847852
23230091
23736195
23984548
24165033
24535343
24861341
25425836
25475514
25738211
26181568
26785690
27156459
27175431
27423308
27576893
27661731
27745570
27984682
28111743
28251491
28478812
28597246
28625755
28672271
28897387
29922849
30010015
30053277
30177313
30263253
31016568
31148838
31709885
31718880
31812244
31906207
31988623
32082711
32144172
32627056
32910624
33136640
33292561
33497324
33606751
33731595
34048678
34153460
34215417
34736558
35064306
35576424
35851257
36044594
36055596
36118481
36490626
36682028
36794747
37085995
37096905
37690155
37701533
38819126
39065304
39838148
39846737
39954072
40706556
41194238
41289997
41583928
42232895
42570290
43086012
43092486
43212536
43693252
43801277
43850460
44185687
44325855
44652120
44751393
44895644
44907425
45477615
45740672
45745123
46586653
46618654
47432439
47611783
47784221
47953365
48428647
48491123
48501442
48884304
48911701
49011620
49275764
49701935
49817233
49984725
