2
3
4
4
5
12
13
13
17
17
20
27
35
36
42
43
51
53
56
57
60
68
68
68
69
69
72
73
75
78
79
80
82
83
87
89
89
93
93
94
104
106
107
107
111
116
116
117
118
121
122
126
127
129
129
135
137
141
146
146
147
150
152
153
154
156
160
164
164
167
170
171
171
172
174
174
175
178
180
182
184
185
191
192
199
201
202
204
207
224
229
229
230
231
233
235
235
237
240
240
246
250
252
255
256
257
259
264
268
268
269
270
272
274
274
277
286
287
295
299
303
305
305
310
316
320
321
327
328
329
337
338
339
339
341
341
342
343
343
344
348
350
353
354
356
357
359
362
363
365
367
369
369
369
373
374
374
382
384
388
391
394
396
400
408
409
422
433
435
435
438
440
442
443
445
445
453
455
455
458
463
463
465
469
470
473
473
474
475
478
479
479
480
481
494
494
498
499
499
500
504
505
506
507
510
510
511
513
514
518
527
532
534
536
538
539
542
545
553
555
558
564
565
566
568
568
569
570
585
587
591
591
593
593
595
600
605
608
610
612
614
619
627
628
630
637
637
638
644
647
649
649
650
651
654
656
659
661
664
664
669
669
670
672
677
680
680
686
698
701
703
703
705
707
711
713
716
724
724
725
727
727
728
728
732
732
734
735
736
739
740
741
748
748
749
752
753
755
756
759
759
762
764
768
772
779
780
781
782
783
784
791
792
794
797
800
800
803
804
806
807
807
812
828
829
833
838
843
849
849
851
852
853
854
854
855
855
858
859
861
864
865
866
871
877
883
884
886
890
895
900
901
908
912
914
914
921
923
924
926
930
935
935
937
938
939
939
940
941
946
951
955
956
956
957
957
959
963
964
965
966
970
971
976
978
981
981
984
985
988
988
1003
1003
1004
1013
1015
1016
1017
1019
1021
1023
1024
1025
1027
1028
1029
1030
1033
1036
1036
1038
1039
1051
1059
1059
1059
1062
1064
1065
1066
1071
1074
1075
1078
1081
1084
1084
1086
1089
1090
1098
1104
1112
1113
1114
1115
1117
1123
1126
1128
1131
1131
1133
1135
1136
1139
1140
1140
1141
1144
1144
1150
1153
1155
1155
1156
1157
1170
1173
1175
1175
1176
1179
1180
1193
1194
1195
1199
1202
1203
1208
1209
1211
1214
1216
1224
1224
1226
1227
1231
1234
1235
1236
1237
1237
1238
1240
1240
1245
1246
1246
1247
1247
1247
1248
1251
1255
1260
1262
1264
1264
1266
1266
1267
1267
1270
1274
1276
1276
1281
1283
1286
1290
1295
1298
1301
1301
1303
1304
1308
1309
1313
1316
1316
1318
1323
1329
1330
1334
1338
1340
1340
1343
1343
1344
1346
1351
1352
1353
1353
1355
1357
1359
1359
1361
1367
1369
1371
1372
1374
1375
1381
1384
1386
1387
1390
1397
1400
1402
1404
1409
1410
1412
1413
1415
1415
1418
1421
1425
1427
1428
1429
1430
1432
1433
1435
1440
1444
1461
1462
1467
1467
1469
1473
1477
1478
1482
1482
1489
1491
1493
1496
1498
1499
1500
1501
1506
1508
1509
1511
1513
1515
1516
1517
1517
1518
1520
1521
1521
1521
1522
1522
1524
1528
1530
1533
1536
1537
1537
1540
1541
1542
1547
1549
1551
1552
1558
1559
1559
1560
1561
1566
1566
1567
1572
1574
1576
1577
1578
1579
1580
1580
1583
1584
1590
1591
1592
1597
1598
1600
1601
1603
1603
1605
1609
1611
1611
1611
1611
1612
1613
1618
1618
1619
1629
1629
1630
1631
1632
1636
1636
1638
1638
1639
1639
1640
1645
1647
1650
1653
1654
1654
1655
1656
1658
1667
1668
1671
1672
1673
1674
1682
1682
1683
1684
1690
1691
1691
1691
1693
1701
1710
1714
1716
1716
1718
1720
1727
1729
1733
1733
1735
1736
1741
1744
1745
1745
1746
1750
1757
1758
1762
1764
1764
1765
1768
1770
1775
1777
1788
1798
1799
1799
1806
1811
1812
1812
1815
1817
1818
1821
1823
1827
1828
1828
1829
1829
1829
1830
1830
1830
1833
1833
1834
1834
1834
1837
1838
1855
1858
1860
1862
1863
1863
1868
1872
1873
1879
1882
1888
1889
1890
1891
1895
1903
1909
1911
1915
1916
1920
1927
1929
1929
1930
1934
1936
1936
1936
1941
1941
1948
1950
1951
1955
1956
1966
1967
1971
1972
1977
1978
1980
1980
1981
1985
1989
1994
1995
1997
1998
2000
2002
2006
2008
2010
2013
2014
2019
2023
2026
2032
2033
2034
2035
2045
2046
2047
2050
2051
2052
2056
2056
2058
2058
2062
2063
2064
2064
2076
2081
2083
2085
2087
2092
2093
2098
2100
2100
2100
2101
2106
2108
2108
2115
2115
2117
2118
2122
2123
2124
2131
2134
2135
2135
2136
2140
2146
2146
2146
2147
2152
2153
2153
2154
2158
2159
2165
2168
2169
2170
2171
2173
2173
2177
2181
2183
2185
2198
2200
2202
2203
2205
2206
2207
2215
2220
2225
2233
2235
2237
2238
2241
2243
2244
2245
2245
2253
2257
2258
2258
2259
2260
2260
2262
2264
2264
2267
2268
2268
2276
2280
2281
2283
2285
2287
2287
2287
2295
2301
2305
2306
2308
2312
2313
2314
2322
2328
2329
2333
2334
2335
2338
2343
2343
2344
2359
2361
2363
2371
2372
2385
2385
2394
2395
2398
2409
2410
2413
2417
2424
2425
2425
2428
2430
2433
2434
2434
2435
2440
2441
2446
2449
2452
2452
2452
2454
2457
2461
2467
2469
2470
2471
2472
2476
2476
2476
2479
2481
2482
2482
2482
2482
2486
2489
2493
2494
2498
2500
2502
2504
2504
2506
2508
2508
2510
2510
2522
2523
2523
2527
2528
2530
2532
2538
2539
2539
2541
2541
2549
2555
2556
2559
2566
2566
2573
2575
2584
2585
2585
2586
2588
2590
2595
2596
2596
2596
2600
2606
2612
2613
2614
2618
2636
2640
2644
2645
2646
2647
2651
2654
2654
2655
2658
2658
2659
2662
2668
2680
2683
2687
2689
2689
2690
2695
2701
2702
2702
2705
2707
2708
2710
2715
2716
2716
2718
2724
2725
2725
2730
2731
2732
2733
2737
2742
2742
2746
2747
2749
2754
2756
2760
2761
2764
2765
2765
2768
2769
2771
2773
2777
2777
2778
2780
2784
2784
2785
2787
2788
2794
2797
2800
2800
2802
2802
2803
2805
2807
2813
2813
2816
2820
2823
2824
2839
2839
2840
2841
2845
2845
2849
2849
2851
2853
2854
2855
2862
2865
2865
2871
2879
2887
2888
2890
2892
2894
2897
2900
2900
2900
2904
2907
2908
2909
2912
2915
2915
2919
2921
2921
2922
2922
2923
2925
2926
2929
2929
2932
2944
2947
2954
2958
2959
2961
2963
2966
2968
2969
2970
2970
2972
2974
2974
2978
2981
2984
2984
2993
2996
3001
3009
3015
3016
3025
3028
3029
3029
3031
3032
3033
3039
3041
3041
3046
3046
3048
3051
3053
3055
3056
3063
3068
3068
3071
3075
3080
3081
3081
3083
3084
3089
3091
3092
3095
3098
3100
3100
3101
3104
3106
3115
3119
3119
3120
3122
3123
3123
3125
3126
3128
3133
3134
3142
3154
3158
3165
3169
3175
3178
3180
3183
3183
3184
3185
3187
3188
3193
3195
3195
3195
3201
3203
3203
3203
3204
3206
3215
3217
3223
3225
3228
3229
3229
3230
3237
3239
3240
3242
3243
3250
3257
3258
3258
3260
3263
3264
3265
3271
3276
3276
3279
3279
3282
3286
3286
3287
3288
3291
3292
3293
3297
3297
3298
3303
3304
3307
3309
3315
3315
3318
3319
3319
3321
3323
3324
3327
3327
3329
3333
3333
3337
3337
3337
3344
3346
3353
3354
3356
3358
3359
3361
3364
3368
3370
3371
3371
3374
3376
3377
3379
3383
3384
3395
3396
3397
3397
3399
3400
3400
3406
3413
3415
3416
3416
3416
3418
3419
3421
3421
3422
3426
3429
3430
3432
3433
3436
3436
3437
3440
3440
3441
3446
3447
3449
3452
3454
3454
3454
3454
3456
3459
3460
3463
3466
3472
3476
3479
3479
3480
3484
3491
3494
3502
3502
3503
3503
3504
3513
3514
3515
3516
3519
3519
3521
3521
3527
3527
3527
3528
3529
3530
3531
3533
3536
3537
3542
3543
3544
3546
3547
3547
3552
3555
3558
3564
3568
3568
3573
3573
3575
3576
3577
3581
3582
3588
3588
3590
3593
3594
3595
3598
3601
3608
3612
3614
3618
3619
3620
3621
3622
3623
3627
3629
3631
3631
3632
3639
3641
3642
3643
3647
3650
3650
3657
3661
3662
3662
3662
3668
3669
3674
3675
3677
3678
3678
3680
3684
3688
3692
3692
3694
3694
3697
3697
3698
3698
3709
3710
3713
3715
3717
3719
3720
3723
3724
3725
3730
3731
3734
3735
3736
3736
3742
3744
3745
3747
3747
3754
3766
3767
3768
3770
3773
3782
3783
3785
3789
3792
3793
3795
3798
3801
3802
3803
3804
3806
3810
3813
3814
3821
3822
3822
3823
3823
3824
3825
3827
3829
3832
3833
3835
3837
3837
3843
3846
3846
3847
3851
3858
3861
3870
3875
3877
3881
3888
3889
3890
3892
3893
3893
3904
3904
3906
3907
3909
3909
3911
3914
3915
3915
3916
3917
3921
3922
3924
3926
3929
3937
3949
3949
3954
3956
3956
3957
3957
3960
3962
3970
3971
3972
3975
3978
3981
3981
3983
3987
3990
3990
3993
4001
4002
4003
4005
4009
4010
4012
4013
4014
4016
4018
4021
4021
4023
4024
4029
4029
4035
4035
4036
4038
4039
4040
4040
4041
4047
4047
4048
4051
4056
4060
4061
4063
4071
4071
4079
4087
4087
4089
4090
4092
4093
4094
4095
4100
4101
4103
4104
4105
4108
4108
4111
4114
4116
4126
4129
4130
4132
4135
4137
4139
4141
4141
4145
4145
4148
4149
4149
4151
4155
4158
4159
4160
4162
4165
4166
4168
4173
4175
4176
4178
4183
4183
4187
4190
4194
4198
4205
4207
4208
4209
4210
4211
4214
4214
4221
4223
4223
4224
4229
4229
4230
4232
4233
4234
4240
4240
4248
4249
4250
4254
4256
4259
4265
4265
4266
4268
4269
4269
4269
4272
4277
4281
4282
4284
4285
4289
4299
4299
4300
4301
4302
4310
4313
4313
4314
4316
4317
4324
4327
4327
4331
4332
4332
4334
4335
4336
4340
4341
4341
4343
4350
4353
4356
4359
4362
4370
4375
4381
4388
4389
4393
4395
4395
4403
4405
4405
4420
4423
4424
4425
4425
4426
4428
4431
4431
4432
4434
4435
4436
4438
4438
4440
4443
4445
4445
4447
4448
4450
4451
4452
4453
4458
4466
4469
4476
4477
4479
4479
4483
4484
4485
4486
4487
4489
4489
4489
4494
4495
4496
4499
4499
4501
4502
4506
4507
4517
4520
4523
4528
4528
4535
4536
4540
4543
4544
4546
4547
4548
4549
4550
4553
4557
4563
4564
4565
4566
4568
4572
4575
4578
4579
4580
4582
4583
4587
4587
4594
4598
4599
4600
4604
4606
4608
4615
4617
4617
4618
4618
4619
4621
4622
4623
4639
4640
4650
4651
4652
4652
4655
4660
4661
4667
4671
4676
4677
4683
4683
4686
4687
4689
4691
4693
4697
4702
4705
4706
4706
4708
4711
4716
4721
4721
4725
4726
4730
4734
4736
4737
4745
4745
4747
4749
4750
4751
4752
4753
4757
4759
4761
4764
4767
4771
4774
4775
4776
4780
4784
4790
4795
4797
4799
4803
4806
4806
4806
4806
4807
4810
4811
4817
4820
4821
4827
4831
4832
4834
4840
4843
4844
4853
4858
4860
4861
4867
4869
4869
4873
4875
4876
4878
4880
4882
4882
4883
4888
4895
4897
4898
4898
4900
4904
4906
4908
4909
4910
4912
4914
4915
4918
4924
4926
4932
4939
4939
4939
4945
4949
4952
4952
4953
4959
4962
4963
4966
4971
4978
4980
4981
4981
4982
4984
4984
4985
4986
4988
4990
4998
4998
4998
4999
4999
