4998
4997
4994
4994
4992
4989
4988
4986
4986
4981
4977
4977
4976
4974
4971
4957
4941
4940
4939
4937
4936
4935
4934
4929
4925
4923
4923
4919
4916
4914
4910
4903
4896
4895
4892
4886
4883
4881
4878
4876
4876
4873
4869
4868
4868
4864
4863
4861
4859
4859
4858
4858
4856
4854
4853
4843
4842
4842
4840
4839
4838
4837
4835
4834
4831
4831
4830
4829
4828
4820
4820
4820
4818
4812
4804
4803
4800
4799
4798
4797
4797
4795
4793
4787
4787
4779
4776
4771
4771
4770
4766
4766
4765
4762
4762
4759
4753
4752
4751
4749
4747
4743
4739
4735
4732
4730
4725
4724
4721
4720
4715
4706
4701
4698
4698
4697
4697
4696
4696
4693
4693
4692
4690
4689
4686
4684
4684
4684
4679
4676
4673
4672
4671
4663
4662
4661
4659
4659
4656
4652
4652
4649
4649
4649
4647
4646
4646
4638
4634
4633
4630
4623
4620
4619
4619
4618
4617
4616
4615
4614
4610
4603
4597
4597
4596
4595
4593
4592
4580
4577
4576
4574
4574
4573
4570
4569
4568
4565
4556
4547
4544
4544
4541
4539
4539
4534
4533
4525
4523
4522
4519
4517
4516
4505
4498
4492
4488
4487
4487
4486
4485
4485
4483
4481
4479
4477
4475
4472
4468
4463
4458
4456
4453
4453
4452
4442
4442
4442
4441
4435
4434
4431
4430
4429
4419
4414
4408
4405
4401
4401
4398
4397
4393
4391
4386
4384
4383
4382
4377
4374
4370
4369
4368
4365
4359
4357
4340
4339
4338
4335
4334
4331
4331
4328
4325
4322
4321
4309
4307
4306
4304
4302
4301
4300
4300
4299
4292
4289
4286
4284
4284
4282
4281
4280
4279
4278
4278
4277
4272
4267
4263
4256
4255
4254
4253
4253
4252
4252
4238
4234
4231
4229
4224
4224
4223
4223
4221
4219
4217
4213
4210
4208
4199
4199
4199
4196
4194
4194
4190
4187
4176
4175
4174
4172
4172
4169
4166
4163
4163
4162
4160
4159
4158
4154
4153
4152
4146
4146
4139
4139
4135
4133
4133
4132
4130
4127
4123
4117
4115
4112
4106
4105
4103
4102
4101
4100
4094
4094
4092
4092
4088
4088
4088
4080
4078
4075
4074
4072
4069
4069
4066
4065
4063
4060
4060
4057
4052
4052
4049
4048
4044
4042
4041
4040
4035
4033
4029
4020
4018
4010
4010
4009
4004
4004
3999
3998
3998
3992
3989
3988
3986
3983
3982
3981
3981
3978
3978
3971
3970
3964
3957
3949
3948
3943
3939
3938
3936
3935
3930
3929
3928
3926
3925
3923
3923
3919
3919
3919
3901
3896
3892
3891
3889
3888
3886
3886
3886
3871
3871
3869
3867
3865
3863
3863
3862
3858
3855
3851
3845
3845
3844
3839
3839
3838
3837
3835
3833
3831
3830
3829
3828
3825
3810
3806
3805
3802
3799
3791
3790
3789
3787
3779
3776
3772
3771
3769
3769
3754
3753
3750
3747
3747
3744
3743
3742
3741
3735
3735
3734
3732
3731
3730
3730
3722
3721
3720
3718
3718
3717
3715
3712
3712
3710
3709
3708
3706
3701
3698
3696
3696
3694
3692
3685
3683
3682
3679
3673
3670
3670
3669
3668
3668
3666
3660
3659
3656
3656
3654
3654
3654
3653
3652
3652
3652
3652
3649
3645
3643
3637
3636
3635
3633
3631
3624
3622
3622
3620
3616
3614
3612
3612
3611
3610
3608
3606
3602
3600
3596
3594
3592
3591
3589
3586
3586
3583
3582
3580
3577
3576
3571
3569
3568
3567
3561
3556
3556
3556
3548
3545
3545
3544
3544
3543
3541
3540
3538
3536
3536
3533
3529
3529
3528
3521
3520
3513
3513
3512
3510
3509
3505
3504
3498
3496
3494
3491
3490
3489
3486
3485
3481
3478
3476
3476
3475
3474
3473
3467
3467
3462
3459
3456
3455
3452
3446
3443
3438
3436
3434
3433
3433
3432
3431
3428
3428
3427
3424
3423
3419
3419
3418
3415
3414
3414
3412
3408
3408
3407
3401
3400
3393
3388
3386
3385
3384
3381
3372
3371
3368
3362
3359
3357
3356
3351
3350
3347
3346
3345
3341
3337
3336
3335
3335
3331
3323
3318
3317
3317
3316
3314
3307
3307
3305
3300
3298
3295
3292
3289
3281
3277
3274
3272
3271
3267
3266
3263
3261
3255
3254
3254
3253
3252
3251
3247
3245
3240
3237
3236
3235
3235
3234
3233
3228
3225
3224
3224
3221
3216
3212
3210
3210
3210
3207
3207
3204
3200
3199
3196
3194
3192
3192
3191
3190
3185
3181
3180
3178
3178
3176
3175
3174
3173
3171
3162
3162
3154
3152
3149
3143
3140
3137
3136
3135
3127
3124
3121
3121
3112
3111
3110
3108
3107
3099
3099
3098
3096
3092
3088
3088
3087
3081
3080
3074
3074
3070
3059
3057
3057
3056
3054
3048
3045
3044
3040
3038
3033
3030
3029
3029
3014
3012
3008
3008
3006
3004
3001
2998
2995
2987
2986
2986
2975
2975
2973
2971
2970
2970
2970
2957
2957
2952
2951
2950
2948
2947
2946
2946
2939
2937
2937
2936
2933
2933
2928
2928
2925
2924
2923
2915
2913
2910
2909
2906
2905
2902
2900
2899
2896
2892
2890
2889
2888
2885
2884
2876
2876
2874
2872
2869
2864
2863
2862
2862
2858
2852
2850
2848
2834
2832
2830
2829
2828
2825
2821
2820
2819
2819
2818
2811
2809
2808
2806
2804
2799
2797
2797
2795
2792
2791
2786
2785
2782
2782
2775
2768
2767
2767
2767
2762
2762
2759
2755
2754
2751
2744
2744
2744
2742
2735
2732
2726
2723
2721
2720
2717
2716
2716
2715
2711
2709
2704
2703
2703
2701
2696
2695
2689
2684
2682
2682
2678
2674
2671
2665
2662
2660
2655
2654
2652
2651
2648
2647
2647
2644
2644
2643
2637
2636
2625
2625
2623
2620
2619
2616
2613
2611
2611
2610
2610
2605
2602
2601
2600
2598
2597
2596
2594
2594
2593
2592
2591
2589
2580
2578
2572
2571
2570
2569
2569
2568
2568
2566
2566
2565
2564
2563
2563
2555
2553
2552
2549
2547
2544
2536
2527
2527
2526
2521
2516
2511
2508
2508
2507
2504
2503
2502
2489
2485
2484
2482
2477
2477
2472
2471
2469
2466
2464
2464
2462
2461
2459
2458
2456
2455
2451
2450
2446
2444
2440
2437
2434
2432
2428
2427
2426
2419
2419
2410
2407
2403
2400
2395
2395
2392
2389
2387
2386
2384
2382
2381
2380
2375
2373
2370
2364
2363
2362
2359
2357
2356
2356
2355
2343
2339
2336
2336
2331
2331
2329
2329
2328
2327
2326
2325
2324
2314
2312
2311
2305
2302
2296
2295
2293
2290
2288
2284
2283
2281
2280
2279
2275
2270
2270
2265
2264
2263
2262
2260
2259
2252
2251
2250
2243
2242
2242
2239
2236
2226
2226
2225
2223
2213
2210
2206
2205
2205
2204
2199
2198
2197
2194
2193
2192
2183
2182
2181
2179
2174
2173
2172
2170
2166
2163
2162
2158
2157
2157
2150
2146
2141
2132
2130
2127
2126
2125
2125
2124
2120
2119
2117
2115
2115
2113
2111
2109
2109
2108
2098
2096
2094
2090
2090
2087
2086
2085
2077
2076
2073
2073
2073
2071
2071
2065
2063
2057
2053
2046
2046
2044
2040
2039
2037
2032
2032
2031
2029
2027
2026
2024
2022
2022
2020
2014
2009
2008
2006
1997
1995
1993
1993
1992
1989
1988
1987
1980
1975
1973
1973
1972
1972
1969
1966
1964
1961
1960
1959
1958
1958
1956
1955
1954
1951
1951
1946
1943
1941
1940
1936
1933
1932
1929
1927
1926
1923
1923
1922
1914
1914
1913
1912
1902
1901
1895
1890
1887
1886
1885
1884
1881
1879
1878
1877
1877
1872
1861
1860
1860
1859
1854
1854
1853
1846
1845
1844
1839
1831
1830
1829
1826
1820
1819
1818
1816
1814
1811
1810
1803
1796
1796
1794
1793
1789
1789
1787
1787
1786
1782
1781
1780
1776
1767
1761
1759
1758
1756
1755
1753
1753
1752
1749
1748
1746
1744
1744
1741
1740
1739
1737
1736
1734
1730
1729
1724
1723
1722
1721
1721
1718
1717
1716
1715
1712
1712
1710
1706
1705
1701
1694
1693
1690
1690
1687
1680
1677
1673
1671
1667
1650
1646
1641
1640
1640
1635
1632
1628
1627
1627
1625
1623
1623
1623
1621
1621
1621
1620
1616
1616
1615
1612
1611
1601
1600
1600
1596
1594
1587
1583
1582
1582
1582
1582
1579
1579
1577
1576
1571
1567
1565
1565
1562
1561
1558
1555
1551
1549
1548
1547
1546
1544
1542
1540
1540
1538
1538
1533
1530
1520
1518
1518
1513
1497
1494
1494
1485
1484
1478
1476
1469
1467
1464
1461
1460
1458
1454
1453
1451
1450
1445
1444
1440
1437
1432
1431
1428
1428
1424
1423
1423
1421
1419
1418
1412
1408
1407
1402
1402
1400
1400
1393
1385
1384
1376
1373
1372
1371
1370
1369
1367
1366
1366
1364
1364
1362
1362
1360
1355
1353
1352
1347
1345
1344
1344
1340
1338
1333
1333
1332
1332
1324
1318
1317
1315
1314
1310
1306
1304
1303
1300
1299
1298
1298
1296
1292
1288
1287
1287
1285
1284
1281
1278
1278
1271
1267
1266
1262
1262
1261
1260
1258
1255
1248
1246
1246
1241
1241
1235
1232
1231
1231
1229
1226
1224
1222
1214
1213
1199
1199
1194
1194
1193
1192
1190
1182
1181
1177
1176
1175
1171
1168
1167
1160
1158
1157
1156
1154
1154
1149
1148
1140
1139
1130
1128
1123
1123
1122
1118
1116
1115
1115
1112
1109
1108
1108
1106
1105
1104
1098
1096
1093
1090
1086
1084
1083
1083
1081
1074
1069
1058
1056
1056
1051
1050
1049
1045
1041
1040
1036
1034
1033
1032
1028
1028
1027
1026
1023
1019
1017
1016
1014
1013
1012
1011
1009
1009
1007
1005
1001
1001
999
995
993
993
991
989
988
984
978
976
975
975
973
968
968
963
959
957
955
949
949
946
945
945
945
943
943
941
940
938
934
932
931
931
930
926
926
925
919
915
913
910
908
908
904
902
901
901
899
896
896
896
894
894
889
883
875
875
874
871
871
867
866
865
857
857
856
851
850
849
846
846
842
841
832
832
831
831
829
828
825
824
822
821
817
815
813
810
809
808
808
806
804
803
802
799
794
793
792
791
790
790
781
775
773
772
767
764
763
762
761
761
761
758
755
754
751
748
745
740
738
728
725
724
724
723
722
722
721
720
712
711
706
706
704
696
693
692
687
685
682
679
676
671
664
663
662
661
661
660
660
654
653
652
651
647
645
642
642
638
637
632
625
625
623
622
621
617
616
614
611
601
600
600
598
598
597
595
594
585
584
580
575
570
561
549
549
546
542
538
537
535
534
534
533
529
526
525
524
519
519
518
517
515
509
505
502
502
497
496
493
492
492
490
488
487
485
481
481
479
477
476
476
475
472
469
468
461
459
458
454
454
451
451
450
448
445
443
442
442
436
435
435
433
428
425
421
419
419
419
417
416
415
411
403
401
400
399
398
396
394
394
393
392
392
391
388
387
386
384
383
381
380
373
370
367
366
365
364
363
362
354
352
349
348
347
346
339
335
335
334
332
331
330
328
327
326
324
319
314
314
313
313
313
312
308
301
301
295
293
283
278
275
275
274
273
270
266
264
263
260
255
254
250
247
239
235
233
228
227
226
219
217
214
214
211
206
206
204
201
200
198
197
195
191
191
186
183
183
180
175
174
173
170
167
166
163
162
159
157
149
142
139
136
136
131
128
128
126
124
123
116
113
112
111
105
103
98
97
97
97
95
92
92
82
80
78
76
75
72
72
70
69
66
63
62
59
56
54
54
52
48
48
43
43
40
39
34
30
30
27
27
23
15
15
9
9
8
8
6
3
2
2
