497
492
490
488
485
485
482
478
475
474
471
458
458
457
449
448
446
445
444
443
440
440
439
437
433
430
428
424
422
416
410
403
401
399
397
397
392
391
390
386
384
383
383
379
376
376
375
370
369
364
361
360
358
358
357
356
352
352
351
348
345
342
338
337
337
336
335
333
332
327
326
326
323
321
320
319
319
313
312
312
310
309
301
300
299
296
294
290
289
288
285
284
282
276
275
273
271
266
265
265
263
261
255
251
249
247
245
243
228
228
226
224
224
222
219
219
216
214
212
210
206
201
199
194
192
191
188
188
186
182
181
180
179
179
178
176
167
156
153
153
151
148
144
138
138
137
134
131
119
115
114
113
107
106
105
104
104
101
100
100
99
99
95
87
86
81
81
80
80
78
69
66
57
55
54
50
46
46
42
40
37
36
27
26
26
25
25
23
23
21
20
13
10
7
4
2
2
2
2
0
